geneName	GSM340537	GSM340538	GSM340539	GSM340540	GSM340541	GSM340542	GSM340543	GSM340544	GSM340545	GSM340546
ABCB4	194.011720513331	199.466132393088	187.40296908104	164.278514888052	151.16706066298	213.782507373663	237.206543843935	515.56124162904	188.706459813261	167.73035569387
ABCB9	134.363735503753	153.277274191223	178.527189292852	167.73035569387	146.017755631158	141.043854832206	159.786310259406	156.497955544585	154.343401944417	155.416945202566
ACHE	171.254727012622	150.122873501681	160.897711938794	141.043854832206	155.416945202566	138.141214272567	162.016844028196	261.379104181041	158.68258559219	149.085899067962
ACP5	243.875327499248	388.023441026662	261.379104181041	247.279700204761	256	195.361178746952	508.463357663762	143.012753673244	354.588023836397	270.596618383713
ADAM28	497.99933307509	724.077343935025	427.565014747325	461.440236856745	617.373607777669	280.139187522749	458.252836315122	410.147777325886	643.590847755176	639.145241037625
ADAMDEC1	153.277274191223	188.706459813261	206.500290360864	138.141214272567	171.254727012622	162.016844028196	143.012753673244	119.428222916711	143.012753673244	315.172969816299
ADAMTS3	171.254727012622	147.03338943962	165.421162321599	176.069352721887	163.143760296866	232.324903761193	200.853529061568	152.218510720348	166.571757496567	170.071784204353
ADRB2	675.588050315722	754.825839253044	497.99933307509	596.34359627185	643.590847755176	643.590847755176	522.758208362083	430.538964609902	661.684649286396	491.143229094535
AIF1	1082.38647353485	910.174905514568	1448.15468787005	1176.26711551696	749.611876324161	942.272154239873	1217.74808576279	1584.70655338741	792.353276693704	584.071022524633
AIM2	666.28702998627	630.345939632597	1541.37266934893	254.231678831881	634.730342368761	826.001161443457	232.324903761193	347.290707826604	809.002303348098	333.143514993135
ALOX15	149.085899067962	155.416945202566	160.897711938794	137.187003204645	160.897711938794	128	145.009137317862	147.03338943962	141.043854832206	158.68258559219
ALOX5	3236.00921339239	4359.66026732896	2721.14854726966	4240.44512805428	4269.93975640524	885.286124859253	1038.29450730499	556.408249613341	5077.84273895009	5595.300891666
AMPD1	222.860944203808	337.794025157861	198.088319173426	205.073888662943	206.500290360864	111.430472101904	266.871234775327	123.63985010238	196.720023204866	137.187003204645
ANGPT4	126.23778617515	118.603271921967	118.603271921967	123.63985010238	118.603271921967	134.363735503753	113.771863189321	117.784019279984	121.095378780876	123.63985010238
ANKRD55	127.115839415941	132.513910251696	116.970425629363	140.069593761375	136.23938335403	157.586484908149	140.069593761375	129.786813413124	128	141.043854832206
APOBEC3A	142.024892424684	127.115839415941	151.16706066298	151.16706066298	126.23778617515	245.571614547268	227.543726378642	128	151.16706066298	132.513910251696
APOBEC3G	296.112175079754	451.943934100815	335.460711387741	340.143568408707	388.023441026662	227.543726378642	240.517823798787	284.049784849368	377.412919626522	433.533599929614
APOL3	433.533599929614	995.998666150181	879.171006912259	541.193236767427	564.175419328825	1074.90988403002	556.408249613341	512	519.147253652495	568.099569698737
APOL6	153.277274191223	221.321531214813	202.250575837025	212.305803728497	219.792751728065	192.671583668617	163.143760296866	178.527189292852	212.305803728497	200.853529061568
AQP9	225.971967050408	153.277274191223	141.043854832206	143.012753673244	133.435617387664	600.491494006722	224.411064656905	154.343401944417	144.007486040168	155.416945202566
ARHGAP22	157.586484908149	207.936613467196	178.527189292852	178.527189292852	200.853529061568	155.416945202566	199.466132393088	242.190757561753	205.073888662943	187.40296908104
ARRB1	421.678600840998	421.678600840998	533.742469550654	548.748012818582	458.252836315122	885.286124859253	625.991822178339	357.054378585704	407.314679682518	372.216964433999
ASGR1	290.018274635724	227.543726378642	330.842324643198	357.054378585704	266.871234775327	803.414116246273	404.501151674049	245.571614547268	227.543726378642	232.324903761193
ASGR2	115.360059214186	129.786813413124	128	131.598569811977	119.428222916711	145.009137317862	146.017755631158	143.012753673244	126.23778617515	129.786813413124
ATHL1	541.193236767427	1234.74721555534	497.99933307509	533.742469550654	714.108757171408	2120.22256402714	962.071295195148	739.291748107518	588.133557758482	1009.9022894012
ATP8B4	975.501309996992	448.82212931381	739.291748107518	652.575041187462	349.706305729125	1002.92638472901	1269.46068473752	1184.44870031901	474.41308768787	418.765853981584
AZU1	133.435617387664	139.102062403335	160.897711938794	140.069593761375	132.513910251696	152.218510720348	138.141214272567	119.428222916711	143.012753673244	144.007486040168
BACH2	169.344669649887	156.628177963266	151.630374041342	151.753700796009	163.18995549308	222.737782330189	172.320752316715	316.63454389503	154.608370691687	160.115507116266
BANK1	652.575041187462	508.463357663762	484.381515123505	380.038034081037	661.684649286396	522.758208362083	265.027820503393	265.027820503393	621.667780810264	508.463357663762
BARX2	128.89031040726	126.23778617515	165.421162321599	150.122873501681	133.435617387664	140.069593761375	145.009137317862	127.115839415941	147.03338943962	131.598569811977
BCL11B	300.245747003361	418.765853981584	296.112175079754	227.543726378642	354.588023836397	171.254727012622	248.999666537545	150.122873501681	380.038034081037	494.559400409521
BCL2A1	124.499833268773	136.23938335403	194.011720513331	127.115839415941	153.277274191223	242.190757561753	178.527189292852	153.277274191223	151.16706066298	153.277274191223
BCL7A	173.645353913302	213.782507373663	188.706459813261	203.657339841259	225.971967050408	164.278514888052	240.517823798787	178.527189292852	210.839300420499	216.766799964807
BFSP1	124.499833268773	150.122873501681	165.421162321599	168.897012578931	162.016844028196	128.89031040726	170.071784204353	130.689552090521	155.416945202566	162.016844028196
BIRC3	1074.90988403002	689.783591355233	1698.44642982798	903.887868201631	770.686334674466	1038.29450730499	922.88047371349	2225.63299845337	689.783591355233	675.588050315722
BLK	247.279700204761	192.671583668617	173.645353913302	135.298309191857	218.274532292597	1332.57405997254	130.689552090521	135.298309191857	143.012753673244	138.141214272567
BMP2K	198.088319173426	181.019335983756	206.500290360864	191.340703825272	198.088319173426	212.305803728497	230.720118428372	337.794025157861	205.073888662943	225.971967050408
BPI	119.428222916711	140.069593761375	126.23778617515	141.043854832206	140.069593761375	158.68258559219	154.343401944417	121.937663749624	129.786813413124	139.102062403335
BRAF	461.440236856745	445.721888407616	568.099569698737	471.136077119936	548.748012818582	257.78062081452	227.543726378642	222.860944203808	556.408249613341	445.721888407616
BRSK2	181.019335983756	145.009137317862	176.069352721887	176.069352721887	132.513910251696	135.298309191857	162.016844028196	298.171798135925	159.786310259406	178.527189292852
BST1	153.277274191223	177.294011918198	149.085899067962	166.571757496567	162.016844028196	124.499833268773	243.875327499248	172.445897838808	179.768944094464	184.82293702688
BTNL8	121.095378780876	118.603271921967	117.784019279984	129.786813413124	127.115839415941	119.428222916711	109.896375864033	136.23938335403	120.258911899394	114.56320907878
C1orf54	1663.49290773757	1640.59110930355	3350.12683185267	3191.45811828941	1448.15468787005	2076.58901460998	4608.23955328536	2435.49617152557	1595.7290591447	955.425783333691
C3AR1	257.78062081452	210.839300420499	219.792751728065	210.839300420499	186.108482217	162.016844028196	194.011720513331	252.4755723503	195.361178746952	192.671583668617
C5AR1	300.245747003361	219.792751728065	206.500290360864	195.361178746952	179.768944094464	433.533599929614	393.440046409731	657.114059552207	202.250575837025	207.936613467196
CA8	162.016844028196	156.497955544585	194.011720513331	184.82293702688	162.016844028196	179.768944094464	177.294011918198	121.095378780876	195.361178746952	181.019335983756
CAMP	187.40296908104	147.03338943962	177.294011918198	162.016844028196	165.421162321599	232.324903761193	207.936613467196	152.218510720348	166.571757496567	170.071784204353
CASP5	128.89031040726	137.187003204645	155.416945202566	150.122873501681	155.416945202566	166.571757496567	143.012753673244	143.012753673244	156.497955544585	133.435617387664
CCDC102B	252.4755723503	167.73035569387	182.278425036425	146.017755631158	165.421162321599	190.019017040518	302.33412132596	215.269482304951	192.671583668617	172.445897838808
CCL1	138.141214272567	163.143760296866	176.069352721887	173.645353913302	192.671583668617	147.03338943962	187.40296908104	148.056087539877	142.024892424684	163.143760296866
CCL13	178.527189292852	221.321531214813	225.971967050408	319.572620518813	216.766799964807	497.99933307509	487.750654998496	205.073888662943	257.78062081452	200.853529061568
CCL14	865.486604860452	668.838515820263	533.858021415987	751.914393492581	418.307320969818	5185.66649695993	941.2178208474	996.732236909717	557.867916384919	847.533508505873
CCL17	125.365798091127	135.298309191857	172.445897838808	165.421162321599	135.298309191857	123.63985010238	138.141214272567	109.137266146298	142.024892424684	134.363735503753
CCL18	138.141214272567	131.598569811977	141.043854832206	156.497955544585	152.218510720348	225.971967050408	154.343401944417	144.007486040168	140.069593761375	138.141214272567
CCL19	694.581415653208	421.678600840998	1734.13439971846	2836.70419069117	481.035647597574	4011.70553891605	1089.91506683224	230.720118428372	407.314679682518	261.379104181041
CCL20	377.412919626522	282.087709664412	968.76303024701	588.133557758482	328.557029776103	613.109096764891	170.071784204353	171.254727012622	304.437021440697	410.147777325886
CCL22	159.786310259406	202.250575837025	202.250575837025	186.108482217	168.897012578931	152.218510720348	178.527189292852	195.361178746952	205.073888662943	171.254727012622
CCL23	367.092543492052	265.027820503393	212.305803728497	218.274532292597	129.786813413124	1884.54430847975	191.340703825272	132.513910251696	133.435617387664	170.071784204353
CCL4	194.828521024481	260.567640519923	223.215764238417	197.355275228387	285.288751501522	187.575483685181	452.542602739968	172.644435019079	207.565405748138	264.177960505239
CCL5	916.505672630244	4096	776.046882053324	1031.12248325808	1243.33556162053	455.087452757284	1152.05988832134	572.051014692977	1541.37266934893	1176.26711551696
CCL7	176.069352721887	464.649807522386	337.794025157861	335.460711387741	335.460711387741	481.035647597574	326.287520593731	415.873226934392	288.014972080335	276.282428545133
CCL8	552.564857090267	328.557029776103	335.460711387741	247.279700204761	308.686803888835	1438.15155275571	1520.15213632415	576.02994416067	448.82212931381	280.139187522749
CCND2	3281.18221860709	3769.08861695949	2998.44750529664	3304.00464577383	2957.16699243007	4124.48993303232	6936.53759887382	6888.62343375843	3040.30427264829	2702.35220126289
CCR10	157.586484908149	155.416945202566	167.73035569387	142.024892424684	155.416945202566	153.277274191223	159.786310259406	182.278425036425	183.546271746026	152.218510720348
CCR2	169.583169485649	198.543381823132	187.007017561532	190.571620692415	168.244434074501	145.453577217728	201.669511737046	172.781557887111	188.651346877281	166.618923352052
CCR3	134.363735503753	127.115839415941	135.298309191857	126.23778617515	140.069593761375	139.102062403335	144.007486040168	133.435617387664	126.23778617515	123.63985010238
CCR6	166.571757496567	206.500290360864	184.82293702688	178.527189292852	167.73035569387	276.282428545133	186.108482217	155.416945202566	182.278425036425	207.936613467196
CCR7	210.839300420499	242.190757561753	232.324903761193	192.671583668617	248.999666537545	1278.29048207525	296.112175079754	229.126418157561	200.853529061568	148.056087539877
CD160	385.343167337233	424.611607456994	265.027820503393	216.766799964807	215.269482304951	152.218510720348	230.720118428372	166.571757496567	272.47876670806	310.833890405132
CD180	123.63985010238	121.095378780876	117.784019279984	106.152901864249	101.82866992063	110.660765607407	121.095378780876	119.428222916711	122.785807273634	135.298309191857
CD19	242.190757561753	191.340703825272	206.500290360864	171.254727012622	268.727471007505	2288.20405877191	164.278514888052	140.069593761375	134.363735503753	142.024892424684
CD1A	149.085899067962	127.115839415941	178.527189292852	181.019335983756	133.435617387664	156.497955544585	150.122873501681	145.009137317862	176.069352721887	131.598569811977
CD1B	105.419650210249	132.513910251696	127.115839415941	129.786813413124	130.689552090521	110.660765607407	143.012753673244	125.365798091127	128.89031040726	139.102062403335
CD1C	145.009137317862	254.231678831881	222.860944203808	207.936613467196	191.340703825272	319.572620518813	337.794025157861	224.411064656905	242.190757561753	194.011720513331
CD1D	315.172969816299	393.440046409731	519.147253652495	430.538964609902	308.686803888835	501.463192364507	515.56124162904	497.99933307509	300.245747003361	282.087709664412
CD1E	142.024892424684	182.278425036425	153.277274191223	167.73035569387	166.571757496567	164.278514888052	172.445897838808	159.786310259406	154.343401944417	152.218510720348
CD2	1112.81649922668	2469.49443111068	1314.22811910441	948.82617537574	1332.57405997254	461.440236856745	955.425783333691	250.731596182253	1370.03781610098	1226.21819352978
CD209	284.049784849368	335.460711387741	424.611607456994	501.463192364507	237.206543843935	734.185086984103	544.95753341612	199.466132393088	221.321531214813	192.671583668617
CD22	135.298309191857	121.937663749624	142.024892424684	127.115839415941	134.363735503753	278.204124806671	160.897711938794	135.298309191857	130.689552090521	127.115839415941
CD244	168.897012578931	192.671583668617	183.546271746026	168.897012578931	139.102062403335	160.897711938794	149.085899067962	148.056087539877	150.122873501681	173.645353913302
CD247	968.76303024701	1499.22375264832	861.077929219804	657.114059552207	776.046882053324	685.018908050489	1105.12971418053	433.533599929614	1016.92671532752	955.425783333691
CD27	330.842324643198	349.706305729125	319.572620518813	261.379104181041	347.290707826604	445.721888407616	302.33412132596	195.361178746952	347.290707826604	215.269482304951
CD28	109.137266146298	124.499833268773	144.007486040168	126.23778617515	128.89031040726	117.784019279984	154.343401944417	134.363735503753	134.363735503753	127.115839415941
CD300A	229.126418157561	247.279700204761	259.573626826247	312.995911089169	242.190757561753	265.027820503393	324.033688056392	415.873226934392	222.860944203808	247.279700204761
CD33	181.019335983756	238.856445833423	235.568038559968	221.321531214813	191.340703825272	227.543726378642	352.138705443775	300.245747003361	219.792751728065	209.382926990792
CD37	430.538964609902	657.114059552207	382.681407650544	374.80593816208	461.440236856745	2164.77294706971	461.440236856745	744.433928867999	312.995911089169	333.143514993135
CD38	212.305803728497	284.049784849368	272.47876670806	216.766799964807	171.254727012622	458.252836315122	252.4755723503	203.657339841259	182.278425036425	199.466132393088
CD3D	157.586484908149	140.069593761375	154.343401944417	136.23938335403	128.89031040726	133.435617387664	131.598569811977	118.603271921967	145.009137317862	123.63985010238
CD3E	160.897711938794	319.572620518813	186.108482217	206.500290360864	218.274532292597	205.073888662943	225.971967050408	181.019335983756	233.940851258727	227.543726378642
CD3G	202.250575837025	229.126418157561	268.727471007505	218.274532292597	198.088319173426	134.363735503753	156.497955544585	121.095378780876	250.731596182253	290.018274635724
CD4	276.282428545133	477.712891666846	433.533599929614	390.722357493903	427.565014747325	238.856445833423	451.943934100815	372.216964433999	451.943934100815	380.038034081037
CD40	367.092543492052	826.001161443457	494.559400409521	530.055641006786	533.742469550654	436.549064585194	430.538964609902	252.4755723503	526.394279247906	494.559400409521
CD40LG	136.23938335403	178.527189292852	171.254727012622	152.218510720348	176.069352721887	148.056087539877	191.340703825272	143.012753673244	178.527189292852	183.546271746026
CD5	150.122873501681	222.860944203808	182.278425036425	156.497955544585	164.278514888052	150.122873501681	186.108482217	129.786813413124	190.019017040518	165.421162321599
CD6	704.277410887549	1428.21751434282	897.64425862762	544.95753341612	661.684649286396	433.533599929614	760.076068162073	232.324903761193	837.531707963168	855.13002949465
CD68	6208.37505642659	3615.55147280652	5220.6003294997	4482.22700036399	2556.5809641505	7033.36805529808	3956.47520327617	6208.37505642659	2683.68569110193	2469.49443111068
CD69	265.027820503393	192.671583668617	198.088319173426	160.897711938794	219.792751728065	294.066778879241	548.748012818582	196.720023204866	158.68258559219	268.727471007505
CD7	487.750654998496	613.109096764891	407.314679682518	349.706305729125	385.343167337233	359.537888188927	357.054378585704	344.891795677617	448.82212931381	401.707058123136
CD70	187.40296908104	177.294011918198	192.671583668617	194.011720513331	194.011720513331	584.071022524633	210.839300420499	176.069352721887	181.019335983756	178.527189292852
CD72	328.557029776103	257.78062081452	233.940851258727	238.856445833423	235.568038559968	879.171006912259	237.206543843935	352.138705443775	225.971967050408	250.731596182253
CD79A	268.727471007505	282.087709664412	265.027820503393	165.421162321599	212.305803728497	1200.98298801344	198.088319173426	145.009137317862	167.73035569387	165.421162321599
CD79B	181.019335983756	219.792751728065	182.278425036425	206.500290360864	209.382926990792	1002.92638472901	202.250575837025	202.250575837025	187.40296908104	194.011720513331
CD80	145.009137317862	178.527189292852	179.768944094464	133.435617387664	153.277274191223	174.853152864563	159.786310259406	148.056087539877	123.63985010238	157.586484908149
CD86	294.066778879241	245.571614547268	250.731596182253	224.411064656905	250.731596182253	218.274532292597	380.038034081037	512	213.782507373663	232.324903761193
CD8A	625.991822178339	1541.37266934893	792.353276693704	474.41308768787	613.109096764891	174.853152864563	487.750654998496	230.720118428372	765.362815301089	704.277410887549
CD8B	121.095378780876	128.89031040726	121.937663749624	128	121.937663749624	113.771863189321	121.095378780876	121.937663749624	134.363735503753	134.363735503753
CD96	427.565014747325	729.113700145701	652.575041187462	354.588023836397	433.533599929614	162.016844028196	304.437021440697	167.73035569387	760.076068162073	729.113700145701
CDA	157.586484908149	158.68258559219	128	158.68258559219	121.937663749624	227.543726378642	203.657339841259	221.321531214813	135.298309191857	145.009137317862
CDC25A	143.012753673244	129.786813413124	146.017755631158	171.254727012622	142.024892424684	131.598569811977	129.786813413124	135.298309191857	123.63985010238	135.298309191857
CDH12	164.278514888052	163.143760296866	138.141214272567	154.343401944417	195.361178746952	142.024892424684	143.012753673244	152.218510720348	398.932264786176	218.274532292597
CDK6	837.531707963168	776.046882053324	867.067199859228	739.291748107518	739.291748107518	564.175419328825	1038.29450730499	1418.35209534559	699.41261145825	760.076068162073
CEACAM3	124.499833268773	131.598569811977	137.187003204645	140.069593761375	135.298309191857	124.499833268773	143.012753673244	108.383399982403	141.043854832206	156.497955544585
CEACAM8	132.513910251696	122.785807273634	117.784019279984	136.23938335403	129.786813413124	164.278514888052	127.115839415941	130.689552090521	121.095378780876	115.360059214186
CFP	117.784019279984	182.278425036425	172.445897838808	152.218510720348	173.645353913302	227.543726378642	222.860944203808	157.586484908149	177.294011918198	183.546271746026
CHI3L1	130.689552090521	112.985983525204	118.603271921967	121.937663749624	112.985983525204	143.012753673244	129.786813413124	109.137266146298	120.258911899394	119.428222916711
CHI3L2	130.689552090521	118.603271921967	202.250575837025	232.324903761193	129.786813413124	218.274532292597	144.007486040168	127.115839415941	135.298309191857	143.012753673244
CHST7	448.82212931381	302.33412132596	382.681407650544	451.943934100815	256	792.353276693704	617.373607777669	564.175419328825	308.686803888835	278.204124806671
CLC	147.03338943962	143.012753673244	140.069593761375	163.143760296866	155.416945202566	168.897012578931	182.278425036425	153.277274191223	139.102062403335	158.68258559219
CLEC10A	138.141214272567	194.011720513331	179.768944094464	183.546271746026	168.897012578931	141.043854832206	232.324903761193	167.73035569387	177.294011918198	157.586484908149
CLEC2D	12975.2154001484	11841.2375029604	13434.2931153879	10895.6404763465	12387.1890576436	13742.7148934494	12859.9308521357	12612.1112916002	12933.6524270993	13304.6663682243
CLEC4A	254.231678831881	304.437021440697	369.645874053759	284.049784849368	274.374006409291	186.108482217	330.842324643198	342.509454025245	235.568038559968	290.018274635724
CLEC7A	168.897012578931	149.085899067962	162.016844028196	146.017755631158	166.571757496567	190.019017040518	177.294011918198	165.421162321599	158.68258559219	184.82293702688
CLIC2	232.324903761193	266.871234775327	240.517823798787	222.860944203808	192.671583668617	317.365171184381	344.891795677617	224.411064656905	250.731596182253	237.206543843935
CMA1	156.497955544585	170.071784204353	164.278514888052	149.085899067962	153.277274191223	159.786310259406	172.445897838808	168.897012578931	164.278514888052	145.009137317862
COL8A2	584.071022524633	568.099569698737	781.444714987806	560.278375045499	407.314679682518	765.362815301089	1097.49602563716	491.143229094535	1031.12248325808	588.133557758482
COLQ	278.204124806671	304.437021440697	257.78062081452	261.379104181041	250.731596182253	257.78062081452	369.645874053759	282.087709664412	319.572620518813	328.557029776103
CPA3	354.588023836397	445.721888407616	310.833890405132	843.357201681995	232.324903761193	232.324903761193	1184.44870031901	145.009137317862	290.018274635724	157.586484908149
CR2	133.435617387664	131.598569811977	140.069593761375	116.970425629363	168.897012578931	178.527189292852	128	122.785807273634	127.115839415941	121.937663749624
CREB5	396.176638346852	198.088319173426	192.671583668617	156.497955544585	210.839300420499	254.231678831881	670.921422775482	982.28645818907	199.466132393088	200.853529061568
CRISP3	354.588023836397	230.720118428372	418.765853981584	232.324903761193	362.038671967512	151.16706066298	139.102062403335	155.416945202566	424.611607456994	352.138705443775
CRTAM	172.445897838808	158.68258559219	165.421162321599	151.16706066298	155.416945202566	130.689552090521	147.03338943962	148.056087539877	170.071784204353	149.085899067962
CRYBB1	133.435617387664	142.024892424684	166.571757496567	146.017755631158	152.218510720348	153.277274191223	143.012753673244	142.024892424684	146.017755631158	139.102062403335
CSF1	155.416945202566	142.024892424684	150.122873501681	146.017755631158	138.141214272567	380.038034081037	167.73035569387	194.011720513331	137.187003204645	147.03338943962
CSF2	145.009137317862	147.03338943962	144.007486040168	139.102062403335	132.513910251696	131.598569811977	150.122873501681	135.298309191857	139.102062403335	126.23778617515
CSF3R	152.218510720348	187.40296908104	155.416945202566	202.250575837025	163.143760296866	135.298309191857	172.445897838808	163.143760296866	154.343401944417	168.897012578931
CST7	210.839300420499	333.143514993135	248.999666537545	248.999666537545	230.720118428372	319.572620518813	268.727471007505	232.324903761193	290.018274635724	248.999666537545
CTLA4	564.175419328825	248.999666537545	296.112175079754	215.269482304951	298.171798135925	552.564857090267	335.460711387741	942.272154239873	219.792751728065	256
CTSG	955.425783333691	1758.34201382452	613.109096764891	797.864529572352	317.365171184381	522.758208362083	1520.15213632415	300.245747003361	176.069352721887	159.786310259406
CTSW	286.025507346488	481.035647597574	272.47876670806	257.78062081452	364.55685007285	487.750654998496	461.440236856745	199.466132393088	436.549064585194	254.231678831881
CXCL10	1287.18169551035	1858.59923008954	1024	471.136077119936	776.046882053324	215.269482304951	519.147253652495	326.287520593731	5007.93457742671	1520.15213632415
CXCL11	317.365171184381	367.092543492052	298.171798135925	192.671583668617	205.073888662943	157.586484908149	232.324903761193	171.254727012622	910.174905514568	257.78062081452
CXCL13	181.019335983756	131.598569811977	203.657339841259	154.343401944417	335.460711387741	245.571614547268	128.89031040726	179.768944094464	130.689552090521	131.598569811977
CXCL3	308.686803888835	221.321531214813	218.274532292597	206.500290360864	221.321531214813	225.971967050408	207.936613467196	202.250575837025	284.049784849368	247.279700204761
CXCL5	126.23778617515	154.343401944417	131.598569811977	137.187003204645	126.23778617515	188.706459813261	156.497955544585	140.069593761375	160.897711938794	152.218510720348
CXCL9	364.55685007285	634.730342368761	474.41308768787	388.023441026662	315.172969816299	114.56320907878	1438.15155275571	174.853152864563	891.443776815232	445.721888407616
CXCR6	153.277274191223	292.035511262316	263.197139623953	191.340703825272	195.361178746952	141.043854832206	199.466132393088	167.73035569387	261.379104181041	265.027820503393
CXorf57	544.95753341612	661.684649286396	873.098129170387	433.533599929614	809.002303348098	154.343401944417	354.588023836397	359.537888188927	1251.98364435668	1468.37017396821
CYP27A1	1640.59110930355	2916.4548005828	1105.12971418053	1770.57224971851	1770.57224971851	704.277410887549	2401.96597602689	6038.60671402435	2646.73859714558	2134.96987820262
CYP27B1	191.340703825272	184.82293702688	174.853152864563	186.108482217	176.069352721887	240.517823798787	159.786310259406	148.056087539877	165.421162321599	207.936613467196
DACH1	572.051014692977	436.549064585194	1031.12248325808	714.108757171408	537.454942015011	278.204124806671	873.098129170387	232.324903761193	661.684649286396	724.077343935025
DAPK2	380.038034081037	410.147777325886	235.568038559968	321.795423877588	276.282428545133	240.517823798787	263.197139623953	188.706459813261	474.41308768787	455.087452757284
DEFA4	173.645353913302	144.007486040168	143.012753673244	128	137.187003204645	157.586484908149	135.298309191857	152.218510720348	166.571757496567	148.056087539877
DEPDC5	184.82293702688	198.088319173426	183.546271746026	200.853529061568	200.853529061568	232.324903761193	183.546271746026	194.011720513331	221.321531214813	203.657339841259
DGKA	235.568038559968	455.087452757284	352.138705443775	388.023441026662	421.678600840998	280.139187522749	225.971967050408	209.382926990792	484.381515123505	474.41308768787
DPEP2	321.795423877588	442.643062429627	278.204124806671	340.143568408707	404.501151674049	337.794025157861	451.943934100815	413.000580721729	319.572620518813	765.362815301089
DPP4	186.108482217	172.445897838808	270.596618383713	254.231678831881	165.421162321599	215.269482304951	247.279700204761	221.321531214813	183.546271746026	160.897711938794
DSC1	134.363735503753	120.258911899394	139.102062403335	124.499833268773	122.785807273634	119.428222916711	116.970425629363	120.258911899394	122.785807273634	123.63985010238
DUSP2	903.887868201631	1379.56718271047	326.287520593731	481.035647597574	4705.06846206785	433.533599929614	1722.15585843961	232.324903761193	1260.69187926519	2304.11977664268
EAF2	163.143760296866	238.856445833423	347.290707826604	205.073888662943	212.305803728497	133.435617387664	210.839300420499	178.527189292852	206.500290360864	266.871234775327
EBI3	213.782507373663	250.731596182253	282.087709664412	250.731596182253	213.782507373663	165.421162321599	238.856445833423	424.611607456994	243.875327499248	278.204124806671
EFNA5	128	131.598569811977	147.03338943962	117.784019279984	132.513910251696	128.89031040726	133.435617387664	120.258911899394	128	137.187003204645
EGR2	1468.37017396821	177.294011918198	187.40296908104	181.019335983756	1379.56718271047	298.171798135925	2998.44750529664	3565.77510726093	192.671583668617	770.686334674466
EMR1	159.786310259406	158.68258559219	178.527189292852	172.445897838808	157.586484908149	160.897711938794	174.853152864563	153.277274191223	137.187003204645	150.122873501681
EMR2	342.509454025245	292.035511262316	298.171798135925	310.833890405132	292.035511262316	421.678600840998	349.706305729125	380.038034081037	252.4755723503	298.171798135925
EMR3	162.016844028196	168.897012578931	163.143760296866	150.122873501681	146.017755631158	137.187003204645	168.897012578931	157.586484908149	160.897711938794	148.056087539877
EPB41	136.23938335403	202.250575837025	178.527189292852	188.706459813261	207.936613467196	145.009137317862	139.102062403335	133.435617387664	219.792751728065	218.274532292597
EPHA1	424.611607456994	749.611876324161	739.291748107518	962.071295195148	770.686334674466	137.187003204645	232.324903761193	131.598569811977	849.223214913988	694.581415653208
EPN2	477.712891666846	519.147253652495	436.549064585194	526.394279247906	451.943934100815	685.018908050489	666.28702998627	657.114059552207	424.611607456994	464.649807522386
ETS1	3717.19846017909	6080.60854529659	4451.26599690673	4904.87277411913	5442.29709453931	4904.87277411913	4096	4737.79480127606	5556.65132522566	5955.47143094399
ETV3	439.58550345613	367.092543492052	445.721888407616	439.58550345613	2194.99205127433	278.204124806671	445.721888407616	254.231678831881	526.394279247906	962.071295195148
FAIM3	491.143229094535	445.721888407616	497.99933307509	508.463357663762	621.667780810264	1991.99733230036	372.216964433999	263.197139623953	390.722357493903	396.176638346852
FAM124B	248.999666537545	210.839300420499	167.73035569387	176.069352721887	140.069593761375	533.742469550654	227.543726378642	487.750654998496	159.786310259406	174.853152864563
FASLG	157.586484908149	254.231678831881	163.143760296866	166.571757496567	160.897711938794	158.68258559219	135.298309191857	126.23778617515	168.897012578931	158.68258559219
FBXL8	129.786813413124	237.206543843935	167.73035569387	221.321531214813	176.069352721887	270.596618383713	222.860944203808	141.043854832206	191.340703825272	188.706459813261
FCER1A	613.109096764891	744.433928867999	467.881702517453	497.99933307509	421.678600840998	143.012753673244	879.171006912259	504.9511447006	1562.88942997561	306.554548382446
FCER2	155.416945202566	148.056087539877	172.445897838808	148.056087539877	170.071784204353	372.216964433999	200.853529061568	157.586484908149	159.786310259406	153.277274191223
FCGR2B	202.250575837025	306.554548382446	181.019335983756	222.860944203808	190.019017040518	227.543726378642	349.706305729125	294.066778879241	225.971967050408	215.269482304951
FCGR3B	167.73035569387	206.500290360864	195.361178746952	205.073888662943	209.382926990792	333.143514993135	248.999666537545	242.190757561753	186.108482217	194.011720513331
FCN1	321.795423877588	330.842324643198	216.766799964807	254.231678831881	205.073888662943	680.287136817414	916.505672630244	209.382926990792	216.766799964807	280.139187522749
FCRL2	155.416945202566	139.102062403335	137.187003204645	149.085899067962	159.786310259406	374.80593816208	149.085899067962	148.056087539877	150.122873501681	152.218510720348
FES	891.443776815232	837.531707963168	699.41261145825	765.362815301089	704.277410887549	1370.03781610098	604.66824265192	1045.51641672417	689.783591355233	596.34359627185
FFAR2	142.024892424684	148.056087539877	148.056087539877	156.497955544585	151.16706066298	159.786310259406	146.017755631158	160.897711938794	146.017755631158	160.897711938794
FLT3LG	192.671583668617	288.014972080335	238.856445833423	245.571614547268	232.324903761193	230.720118428372	270.596618383713	256	212.305803728497	222.860944203808
FOSB	3769.08861695949	724.077343935025	319.572620518813	219.792751728065	11113.3026504513	6208.37505642659	24154.4268560974	3875.05212098804	471.136077119936	4544.79655758989
FOXP3	210.839300420499	181.019335983756	166.571757496567	182.278425036425	179.768944094464	212.305803728497	182.278425036425	176.069352721887	166.571757496567	173.645353913302
FPR1	891.443776815232	266.871234775327	357.054378585704	328.557029776103	324.033688056392	2048	1024	2062.24496651616	300.245747003361	347.290707826604
FRK	270.596618383713	254.231678831881	568.099569698737	398.932264786176	324.033688056392	121.095378780876	221.321531214813	109.896375864033	487.750654998496	298.171798135925
FRMD4A	809.002303348098	436.549064585194	652.575041187462	568.099569698737	501.463192364507	564.175419328825	729.113700145701	2005.85276945803	792.353276693704	564.175419328825
FZD2	855.13002949465	526.394279247906	533.742469550654	749.611876324161	415.873226934392	232.324903761193	613.109096764891	1136.19913939747	596.34359627185	548.748012818582
FZD3	354.588023836397	487.750654998496	560.278375045499	537.454942015011	552.564857090267	218.274532292597	508.463357663762	604.66824265192	576.02994416067	477.712891666846
GAL3ST4	776.046882053324	797.864529572352	617.373607777669	814.629359365037	588.133557758482	266.871234775327	699.41261145825	1217.74808576279	604.66824265192	544.95753341612
GALR1	139.102062403335	107.634741152475	131.598569811977	121.095378780876	116.162451880597	114.56320907878	112.205532328452	168.897012578931	124.499833268773	117.784019279984
GFI1	184.82293702688	352.138705443775	235.568038559968	215.269482304951	261.379104181041	166.571757496567	248.999666537545	176.069352721887	292.035511262316	302.33412132596
GIPR	170.071784204353	186.108482217	155.416945202566	173.645353913302	170.071784204353	159.786310259406	174.853152864563	186.108482217	173.645353913302	174.853152864563
GNG7	544.95753341612	797.864529572352	533.742469550654	560.278375045499	568.099569698737	494.559400409521	1552.09376410665	1488.867857736	537.454942015011	734.185086984103
GNLY	128	182.278425036425	174.853152864563	152.218510720348	156.497955544585	194.011720513331	230.720118428372	136.23938335403	176.069352721887	152.218510720348
GPC4	621.667780810264	652.575041187462	477.712891666846	714.108757171408	367.092543492052	652.575041187462	1978.23760163808	1795.28851725524	464.649807522386	445.721888407616
GPR1	152.218510720348	135.298309191857	129.786813413124	133.435617387664	129.786813413124	127.115839415941	195.361178746952	139.102062403335	144.007486040168	136.23938335403
GPR171	382.681407650544	714.108757171408	541.193236767427	306.554548382446	445.721888407616	367.092543492052	552.564857090267	415.873226934392	494.559400409521	699.41261145825
GPR18	128	229.126418157561	183.546271746026	174.853152864563	176.069352721887	272.47876670806	158.68258559219	134.363735503753	200.853529061568	199.466132393088
GPR19	159.786310259406	156.497955544585	147.03338943962	125.365798091127	141.043854832206	158.68258559219	142.024892424684	265.027820503393	164.278514888052	145.009137317862
GPR25	134.363735503753	137.187003204645	139.102062403335	123.63985010238	121.095378780876	130.689552090521	174.853152864563	129.786813413124	138.141214272567	126.23778617515
GPR65	458.252836315122	238.856445833423	436.549064585194	286.025507346488	242.190757561753	359.537888188927	424.611607456994	302.33412132596	270.596618383713	242.190757561753
GPR97	134.363735503753	124.499833268773	128	123.63985010238	131.598569811977	145.009137317862	129.786813413124	134.363735503753	128	125.365798091127
GRAP2	135.298309191857	209.382926990792	173.645353913302	183.546271746026	170.071784204353	165.421162321599	168.897012578931	176.069352721887	183.546271746026	177.294011918198
GSTT1	719.075776377855	116.162451880597	2683.68569110193	144.007486040168	120.258911899394	2401.96597602689	131.598569811977	2998.44750529664	136.23938335403	152.218510720348
GYPE	137.187003204645	137.187003204645	143.012753673244	151.16706066298	141.043854832206	158.68258559219	174.853152864563	141.043854832206	153.277274191223	159.786310259406
GZMA	831.746453868785	1758.34201382452	935.763405034906	849.223214913988	584.071022524633	533.742469550654	709.176047672794	396.176638346852	1243.33556162053	922.88047371349
GZMB	458.252836315122	248.999666537545	263.197139623953	235.568038559968	278.204124806671	306.554548382446	261.379104181041	445.721888407616	385.343167337233	288.014972080335
GZMH	621.667780810264	1398.8252229165	617.373607777669	648.067376112783	709.176047672794	433.533599929614	634.730342368761	278.204124806671	749.611876324161	556.408249613341
GZMK	530.055641006786	754.825839253044	377.412919626522	522.758208362083	519.147253652495	451.943934100815	576.02994416067	455.087452757284	891.443776815232	537.454942015011
GZMM	143.012753673244	286.025507346488	159.786310259406	142.024892424684	166.571757496567	190.019017040518	174.853152864563	146.017755631158	191.340703825272	150.122873501681
HAL	206.500290360864	187.40296908104	171.254727012622	181.019335983756	172.445897838808	221.321531214813	187.40296908104	183.546271746026	196.720023204866	191.340703825272
HCK	195.361178746952	300.245747003361	372.216964433999	319.572620518813	238.856445833423	533.742469550654	471.136077119936	418.765853981584	272.47876670806	257.78062081452
HDC	652.575041187462	1144.10202938595	448.82212931381	910.174905514568	455.087452757284	504.9511447006	2164.77294706971	321.795423877588	484.381515123505	218.274532292597
HESX1	153.277274191223	143.012753673244	179.768944094464	132.513910251696	127.115839415941	141.043854832206	172.445897838808	191.340703825272	167.73035569387	191.340703825272
HHEX	625.991822178339	272.47876670806	407.314679682518	354.588023836397	265.027820503393	849.223214913988	680.287136817414	526.394279247906	280.139187522749	257.78062081452
HIC1	174.853152864563	206.500290360864	155.416945202566	191.340703825272	153.277274191223	188.706459813261	248.999666537545	172.445897838808	172.445897838808	176.069352721887
HIST1H2AE	122.785807273634	108.383399982403	128.89031040726	152.218510720348	128	121.937663749624	109.137266146298	118.603271921967	122.785807273634	112.985983525204
HIST1H2BG	148.056087539877	152.218510720348	129.786813413124	148.056087539877	172.445897838808	129.786813413124	165.421162321599	156.497955544585	146.017755631158	165.421162321599
HK3	155.416945202566	126.23778617515	126.23778617515	183.546271746026	143.012753673244	382.681407650544	266.871234775327	174.853152864563	127.115839415941	149.085899067962
HLA-DOB	224.411064656905	312.995911089169	207.936613467196	200.853529061568	315.172969816299	661.684649286396	210.839300420499	224.411064656905	240.517823798787	177.294011918198
HLA-DQA1	4420.51885672213	7033.36805529808	2683.68569110193	1722.15585843961	2876.30310551142	4039.6091576048	3420.5201179786	12416.7501128532	2062.24496651616	2352.53423103393
HNMT	1160.0730985429	1278.29048207525	1478.58349621504	982.28645818907	1226.21819352978	344.891795677617	541.193236767427	222.860944203808	1052.78855849581	1305.15008237492
HOXA1	139.102062403335	135.298309191857	128.89031040726	128.89031040726	151.16706066298	138.141214272567	133.435617387664	140.069593761375	124.499833268773	139.102062403335
HPSE	129.786813413124	187.40296908104	190.019017040518	186.108482217	166.571757496567	123.63985010238	163.143760296866	145.009137317862	165.421162321599	184.82293702688
HRH1	359.537888188927	310.833890405132	245.571614547268	272.47876670806	257.78062081452	504.9511447006	256	749.611876324161	337.794025157861	312.995911089169
HSPA6	1021.88439097485	1509.66017270279	491.591530170369	819.947213744337	600.096590075146	754.557133453522	1356.39993321601	2019.49694202834	540.012267986913	700.966523538929
HTR2B	149.085899067962	145.009137317862	181.019335983756	166.571757496567	137.187003204645	132.513910251696	312.995911089169	122.785807273634	230.720118428372	202.250575837025
ICA1	6517.03487492029	6700.25366370535	8192	7181.15406902096	6984.7850333631	6338.82621354963	5184.53900890227	5293.47719429117	7434.39692035818	6746.85761345596
ICOS	157.586484908149	194.011720513331	199.466132393088	167.73035569387	203.657339841259	142.024892424684	221.321531214813	148.056087539877	202.250575837025	164.278514888052
IFI44L	1370.03781610098	1509.65167850609	1269.46068473752	1595.7290591447	670.921422775482	344.891795677617	552.564857090267	1606.82823249255	897.64425862762	776.046882053324
IFNA10	123.63985010238	123.63985010238	127.115839415941	130.689552090521	126.23778617515	116.162451880597	120.258911899394	117.784019279984	127.115839415941	120.258911899394
IFNG	232.324903761193	259.573626826247	207.936613467196	181.019335983756	186.108482217	177.294011918198	209.382926990792	158.68258559219	257.78062081452	192.671583668617
IGSF6	744.433928867999	948.82617537574	2091.03283344833	1152.05988832134	754.825839253044	560.278375045499	556.408249613341	604.66824265192	885.286124859253	1002.92638472901
IL12B	148.056087539877	127.115839415941	149.085899067962	150.122873501681	174.853152864563	145.009137317862	155.416945202566	137.187003204645	155.416945202566	163.143760296866
IL12RB2	123.63985010238	142.024892424684	123.63985010238	124.499833268773	134.363735503753	122.785807273634	152.218510720348	155.416945202566	138.141214272567	153.277274191223
IL17A	132.513910251696	118.603271921967	119.428222916711	112.205532328452	125.365798091127	134.363735503753	102.536944331472	109.896375864033	116.970425629363	119.428222916711
IL18R1	421.678600840998	359.537888188927	364.55685007285	304.437021440697	245.571614547268	448.82212931381	548.748012818582	272.47876670806	324.033688056392	362.038671967512
IL18RAP	464.649807522386	630.345939632597	344.891795677617	296.112175079754	347.290707826604	328.557029776103	424.611607456994	354.588023836397	477.712891666846	494.559400409521
IL1A	286.025507346488	237.206543843935	179.768944094464	172.445897838808	439.58550345613	126.23778617515	206.500290360864	149.085899067962	357.054378585704	533.742469550654
IL1B	266.871234775327	261.379104181041	200.853529061568	188.706459813261	455.087452757284	494.559400409521	382.681407650544	359.537888188927	315.172969816299	374.80593816208
IL1RL1	116.970425629363	116.970425629363	115.360059214186	116.162451880597	126.23778617515	116.162451880597	127.115839415941	112.205532328452	129.786813413124	114.56320907878
IL21	123.63985010238	126.23778617515	121.937663749624	120.258911899394	114.56320907878	117.784019279984	134.363735503753	117.784019279984	138.141214272567	134.363735503753
IL26	187.40296908104	219.792751728065	268.727471007505	216.766799964807	221.321531214813	247.279700204761	212.305803728497	219.792751728065	268.727471007505	225.971967050408
IL2RA	154.343401944417	157.586484908149	142.024892424684	163.143760296866	138.141214272567	213.782507373663	165.421162321599	202.250575837025	170.071784204353	163.143760296866
IL2RB	458.252836315122	975.501309996992	541.193236767427	401.707058123136	508.463357663762	321.795423877588	464.649807522386	250.731596182253	704.277410887549	471.136077119936
IL3	137.187003204645	125.365798091127	160.897711938794	139.102062403335	157.586484908149	157.586484908149	155.416945202566	130.689552090521	129.786813413124	145.009137317862
IL4	132.513910251696	119.428222916711	117.784019279984	147.03338943962	132.513910251696	128	119.428222916711	122.785807273634	138.141214272567	126.23778617515
IL4R	3258.51743746015	3350.12683185267	3169.41310677482	4153.17802921996	3396.89285965595	8192	3956.47520327617	1584.70655338741	3396.89285965595	2916.4548005828
IL5	178.527189292852	138.141214272567	158.68258559219	153.277274191223	153.277274191223	134.363735503753	130.689552090521	145.009137317862	165.421162321599	168.897012578931
IL5RA	137.187003204645	126.23778617515	127.115839415941	141.043854832206	120.258911899394	143.012753673244	137.187003204645	128	127.115839415941	121.937663749624
IL7	218.274532292597	225.971967050408	268.727471007505	182.278425036425	218.274532292597	144.007486040168	178.527189292852	121.937663749624	200.853529061568	265.027820503393
IL7R	1287.18169551035	1296.13475222557	849.223214913988	661.684649286396	1152.05988832134	803.414116246273	1438.15155275571	430.538964609902	910.174905514568	2120.22256402714
IL9	119.428222916711	130.689552090521	112.985983525204	128	126.23778617515	136.23938335403	120.258911899394	136.23938335403	137.187003204645	120.258911899394
IRF8	962.071295195148	1509.65167850609	1251.98364435668	916.505672630244	1052.78855849581	2005.85276945803	1128.35083865765	625.991822178339	1074.90988403002	709.176047672794
ITK	427.565014747325	526.394279247906	308.686803888835	233.940851258727	340.143568408707	263.197139623953	354.588023836397	1112.81649922668	369.645874053759	522.758208362083
KCNA3	182.278425036425	154.343401944417	177.294011918198	154.343401944417	148.056087539877	137.187003204645	123.63985010238	151.16706066298	165.421162321599	151.16706066298
KCNG2	121.937663749624	126.23778617515	133.435617387664	117.784019279984	124.499833268773	123.63985010238	118.603271921967	136.23938335403	131.598569811977	138.141214272567
KIAA0754	181.019335983756	135.298309191857	128	133.435617387664	156.497955544585	164.278514888052	125.365798091127	140.069593761375	127.115839415941	130.689552090521
KIR2DL1	145.357627197212	148.568547646412	153.155583779191	145.93706037776	147.748807461108	154.076448807364	171.736809216628	167.231370933502	160.799482461051	162.295063289116
KIR2DL4	128.443040841659	150.935033344212	165.285643054711	167.231370933502	133.592716588658	138.796667162731	151.765672492103	159.257399786391	162.697484061758	128.085327792959
KIR2DS4	151.16706066298	132.513910251696	154.343401944417	129.786813413124	132.513910251696	127.115839415941	125.365798091127	142.024892424684	130.689552090521	159.786310259406
KIR3DL2	139.102062403335	139.102062403335	136.23938335403	159.786310259406	136.23938335403	129.786813413124	152.218510720348	144.007486040168	120.258911899394	135.298309191857
KIRREL	144.007486040168	123.63985010238	210.839300420499	213.782507373663	146.017755631158	288.014972080335	164.278514888052	248.999666537545	182.278425036425	151.16706066298
KLRB1	344.891795677617	661.684649286396	652.575041187462	257.78062081452	274.374006409291	139.102062403335	354.588023836397	210.839300420499	398.932264786176	604.66824265192
KLRC3	164.278514888052	132.513910251696	137.187003204645	144.007486040168	133.435617387664	126.23778617515	129.786813413124	136.23938335403	132.513910251696	137.187003204645
KLRC4	118.603271921967	118.603271921967	109.137266146298	114.56320907878	128	147.03338943962	109.896375864033	116.970425629363	108.383399982403	121.937663749624
KLRD1	200.853529061568	210.839300420499	196.720023204866	179.768944094464	209.382926990792	170.071784204353	178.527189292852	160.897711938794	207.936613467196	186.108482217
KLRF1	215.269482304951	154.343401944417	166.571757496567	172.445897838808	142.024892424684	114.56320907878	143.012753673244	148.056087539877	173.645353913302	153.277274191223
KLRG1	252.4755723503	232.324903761193	199.466132393088	238.856445833423	199.466132393088	312.995911089169	288.014972080335	319.572620518813	296.112175079754	265.027820503393
KLRK1	276.282428545133	461.440236856745	333.143514993135	184.82293702688	302.33412132596	430.538964609902	263.197139623953	206.500290360864	310.833890405132	310.833890405132
KYNU	1067.48493910131	1060.11128201357	1710.2600589893	1176.26711551696	1488.867857736	304.437021440697	393.440046409731	410.147777325886	1807.77573640326	1782.88755363046
LAG3	276.282428545133	519.147253652495	347.290707826604	401.707058123136	326.287520593731	227.543726378642	377.412919626522	183.546271746026	390.722357493903	337.794025157861
LAIR2	132.513910251696	164.278514888052	178.527189292852	129.786813413124	137.187003204645	134.363735503753	165.421162321599	143.012753673244	148.056087539877	153.277274191223
LAMP3	364.55685007285	461.440236856745	372.216964433999	312.995911089169	357.054378585704	219.792751728065	310.833890405132	229.126418157561	352.138705443775	319.572620518813
LAT	184.82293702688	225.971967050408	218.274532292597	207.936613467196	206.500290360864	254.231678831881	215.269482304951	187.40296908104	218.274532292597	212.305803728497
LCK	176.069352721887	259.573626826247	209.382926990792	194.011720513331	218.274532292597	186.108482217	213.782507373663	168.897012578931	222.860944203808	224.411064656905
LEF1	515.56124162904	415.873226934392	288.014972080335	284.049784849368	257.78062081452	216.766799964807	451.943934100815	1488.867857736	385.343167337233	504.9511447006
LHCGR	306.554548382446	222.860944203808	183.546271746026	186.108482217	198.088319173426	225.971967050408	252.4755723503	219.792751728065	248.999666537545	240.517823798787
LILRA2	224.411064656905	165.421162321599	183.546271746026	227.543726378642	182.278425036425	218.274532292597	328.557029776103	312.995911089169	172.445897838808	188.706459813261
LILRA3	112.205532328452	119.428222916711	120.258911899394	114.56320907878	109.137266146298	122.785807273634	121.937663749624	123.63985010238	119.428222916711	112.205532328452
LILRA4	181.019335983756	177.294011918198	176.069352721887	173.645353913302	181.019335983756	292.035511262316	174.853152864563	191.340703825272	215.269482304951	181.019335983756
LILRB2	148.230400017386	126.826248391817	130.890532187473	127.594692679647	123.230588436002	149.999887171065	123.337164843622	135.691776861143	133.556567206017	138.921450476501
LIME1	206.500290360864	276.282428545133	202.250575837025	207.936613467196	207.936613467196	257.78062081452	182.278425036425	203.657339841259	233.940851258727	206.500290360864
LRMP	1552.09376410665	2120.22256402714	1758.34201382452	1584.70655338741	2272.39827879495	685.018908050489	689.783591355233	342.509454025245	2076.58901460998	2272.39827879495
LST1	248.999666537545	310.833890405132	359.537888188927	312.995911089169	219.792751728065	206.500290360864	369.645874053759	471.136077119936	259.573626826247	235.568038559968
LTA	202.250575837025	186.108482217	182.278425036425	179.768944094464	182.278425036425	203.657339841259	184.82293702688	187.40296908104	191.340703825272	183.546271746026
LTB	374.80593816208	385.343167337233	401.707058123136	280.139187522749	319.572620518813	786.880092819462	324.033688056392	210.839300420499	388.023441026662	364.55685007285
LTC4S	198.088319173426	210.839300420499	195.361178746952	210.839300420499	202.250575837025	198.088319173426	266.871234775327	248.999666537545	195.361178746952	184.82293702688
LY86	556.408249613341	541.193236767427	689.783591355233	572.051014692977	530.055641006786	477.712891666846	451.943934100815	1184.44870031901	568.099569698737	430.538964609902
LY9	250.731596182253	292.035511262316	209.382926990792	187.40296908104	210.839300420499	221.321531214813	200.853529061568	167.73035569387	219.792751728065	207.936613467196
MAGEA11	130.689552090521	137.187003204645	139.102062403335	132.513910251696	144.007486040168	160.897711938794	134.363735503753	132.513910251696	140.069593761375	138.141214272567
MAK	147.03338943962	124.499833268773	140.069593761375	153.277274191223	123.63985010238	112.205532328452	125.365798091127	203.657339841259	137.187003204645	163.143760296866
MAN1A1	975.501309996992	464.649807522386	430.538964609902	369.645874053759	367.092543492052	340.143568408707	1067.48493910131	333.143514993135	630.345939632597	903.887868201631
MANEA	276.282428545133	206.500290360864	302.33412132596	194.011720513331	209.382926990792	162.016844028196	198.088319173426	245.571614547268	248.999666537545	278.204124806671
MAP3K13	198.088319173426	237.206543843935	261.379104181041	268.727471007505	254.231678831881	191.340703825272	284.049784849368	237.206543843935	347.290707826604	352.138705443775
MAP4K1	526.394279247906	849.223214913988	427.565014747325	362.038671967512	544.95753341612	734.185086984103	418.765853981584	344.891795677617	398.932264786176	481.035647597574
MAP4K2	1734.13439971846	1871.52681006981	1418.35209534559	1746.19625834077	1562.88942997561	1858.59923008954	2076.58901460998	1884.54430847975	1530.72563060218	1499.22375264832
MAP9	648.067376112783	308.686803888835	982.28645818907	442.643062429627	418.765853981584	427.565014747325	491.143229094535	714.108757171408	433.533599929614	278.204124806671
MARCO	252.4755723503	145.009137317862	176.069352721887	171.254727012622	148.056087539877	657.114059552207	207.936613467196	537.454942015011	162.016844028196	141.043854832206
MAST1	142.024892424684	106.152901864249	112.205532328452	135.298309191857	128	99.044159586713	121.095378780876	491.143229094535	113.771863189321	122.785807273634
MBL2	112.205532328452	96.3357918343083	111.430472101904	116.162451880597	128	121.095378780876	110.660765607407	103.250145180432	121.937663749624	112.205532328452
MEFV	140.069593761375	138.141214272567	131.598569811977	151.16706066298	151.16706066298	172.445897838808	150.122873501681	150.122873501681	140.069593761375	144.007486040168
MEP1A	120.258911899394	121.095378780876	123.63985010238	116.970425629363	127.115839415941	101.125287918512	133.435617387664	109.896375864033	126.23778617515	117.784019279984
MGAM	131.598569811977	136.23938335403	138.141214272567	128.89031040726	130.689552090521	128.89031040726	129.786813413124	130.689552090521	131.598569811977	134.363735503753
MICAL3	135.298309191857	137.187003204645	112.985983525204	136.23938335403	134.363735503753	118.603271921967	128	129.786813413124	125.365798091127	137.187003204645
MMP12	162.016844028196	136.23938335403	146.017755631158	173.645353913302	142.024892424684	290.018274635724	186.108482217	143.012753673244	155.416945202566	154.343401944417
MMP25	184.82293702688	212.305803728497	177.294011918198	178.527189292852	170.071784204353	205.073888662943	247.279700204761	243.875327499248	196.720023204866	206.500290360864
MMP9	195.361178746952	206.500290360864	250.731596182253	163.143760296866	284.049784849368	749.611876324161	357.054378585704	145.009137317862	194.011720513331	164.278514888052
MNDA	467.881702517453	317.365171184381	643.590847755176	369.645874053759	266.871234775327	477.712891666846	613.109096764891	544.95753341612	374.80593816208	315.172969816299
MS4A1	133.435617387664	132.513910251696	137.187003204645	127.115839415941	137.187003204645	288.014972080335	142.024892424684	131.598569811977	136.23938335403	146.017755631158
MS4A2	250.731596182253	324.033688056392	225.971967050408	280.139187522749	184.82293702688	178.527189292852	324.033688056392	179.768944094464	218.274532292597	166.571757496567
MS4A3	152.218510720348	152.218510720348	131.598569811977	137.187003204645	127.115839415941	150.122873501681	139.102062403335	151.16706066298	131.598569811977	127.115839415941
MS4A6A	1184.44870031901	1686.71440336399	2149.81976806004	1584.70655338741	1105.12971418053	617.373607777669	1897.65235075148	1833.01134526049	942.272154239873	1136.19913939747
MSC	230.720118428372	359.537888188927	210.839300420499	282.087709664412	199.466132393088	831.746453868785	377.412919626522	198.088319173426	298.171798135925	224.411064656905
MXD1	537.454942015011	487.750654998496	491.143229094535	484.381515123505	501.463192364507	729.113700145701	754.825839253044	445.721888407616	541.193236767427	519.147253652495
MYB	310.833890405132	302.33412132596	734.185086984103	729.113700145701	354.588023836397	163.143760296866	284.049784849368	171.254727012622	324.033688056392	501.463192364507
NAALADL1	225.971967050408	294.066778879241	344.891795677617	393.440046409731	248.999666537545	487.750654998496	537.454942015011	451.943934100815	263.197139623953	266.871234775327
NCF2	229.126418157561	252.4755723503	290.018274635724	235.568038559968	207.936613467196	424.611607456994	352.138705443775	268.727471007505	203.657339841259	218.274532292597
NCR3	128	188.706459813261	192.671583668617	163.143760296866	196.720023204866	242.190757561753	187.40296908104	165.421162321599	200.853529061568	168.897012578931
NFE2	194.011720513331	129.786813413124	124.499833268773	142.024892424684	191.340703825272	962.071295195148	455.087452757284	143.012753673244	129.786813413124	158.68258559219
NIPSNAP3B	126.23778617515	137.187003204645	177.294011918198	167.73035569387	123.63985010238	126.23778617515	181.019335983756	215.269482304951	140.069593761375	139.102062403335
NKG7	278.204124806671	1045.51641672417	526.394279247906	564.175419328825	497.99933307509	564.175419328825	537.454942015011	254.231678831881	652.575041187462	461.440236856745
NLRP3	240.517823798787	247.279700204761	232.324903761193	225.971967050408	202.250575837025	225.971967050408	372.216964433999	298.171798135925	203.657339841259	187.40296908104
NMBR	153.277274191223	129.786813413124	131.598569811977	118.603271921967	152.218510720348	154.343401944417	148.056087539877	140.069593761375	141.043854832206	134.363735503753
NOD2	230.720118428372	276.282428545133	247.279700204761	213.782507373663	216.766799964807	232.324903761193	235.568038559968	306.554548382446	205.073888662943	209.382926990792
NOX3	120.258911899394	153.277274191223	145.009137317862	150.122873501681	126.23778617515	140.069593761375	142.024892424684	140.069593761375	145.009137317862	150.122873501681
NPAS1	150.122873501681	240.517823798787	206.500290360864	203.657339841259	210.839300420499	181.019335983756	157.586484908149	149.085899067962	216.766799964807	203.657339841259
NPL	734.185086984103	897.64425862762	814.629359365037	792.353276693704	929.299615044772	424.611607456994	427.565014747325	304.437021440697	891.443776815232	1031.12248325808
NR4A3	178.527189292852	146.017755631158	144.007486040168	134.363735503753	237.206543843935	163.143760296866	661.684649286396	179.768944094464	140.069593761375	202.250575837025
NTRK1	143.012753673244	145.009137317862	149.085899067962	137.187003204645	134.363735503753	166.571757496567	137.187003204645	192.671583668617	146.017755631158	140.069593761375
OSM	182.278425036425	130.689552090521	148.056087539877	136.23938335403	140.069593761375	240.517823798787	266.871234775327	278.204124806671	140.069593761375	164.278514888052
P2RX1	709.176047672794	935.763405034906	592.224350159507	494.559400409521	369.645874053759	1509.65167850609	4299.63953612008	203.657339841259	867.067199859228	194.011720513331
P2RX5	116.970425629363	118.603271921967	137.187003204645	130.689552090521	126.23778617515	123.63985010238	132.513910251696	131.598569811977	138.141214272567	132.513910251696
P2RY10	278.204124806671	222.860944203808	306.554548382446	209.382926990792	229.126418157561	263.197139623953	238.856445833423	195.361178746952	237.206543843935	203.657339841259
P2RY13	216.766799964807	232.324903761193	245.571614547268	219.792751728065	265.027820503393	176.069352721887	247.279700204761	210.839300420499	232.324903761193	209.382926990792
P2RY14	172.445897838808	154.343401944417	133.435617387664	147.03338943962	146.017755631158	154.343401944417	481.035647597574	240.517823798787	177.294011918198	143.012753673244
P2RY2	138.141214272567	168.897012578931	152.218510720348	158.68258559219	170.071784204353	157.586484908149	129.786813413124	141.043854832206	155.416945202566	163.143760296866
PADI4	190.019017040518	140.069593761375	115.360059214186	148.056087539877	147.03338943962	242.190757561753	407.314679682518	132.513910251696	139.102062403335	145.009137317862
PAQR5	116.970425629363	128	128.89031040726	146.017755631158	130.689552090521	130.689552090521	168.897012578931	143.012753673244	141.043854832206	153.277274191223
PASK	333.143514993135	352.138705443775	268.727471007505	333.143514993135	377.412919626522	286.025507346488	265.027820503393	312.995911089169	292.035511262316	344.891795677617
PAX7	155.416945202566	141.043854832206	154.343401944417	143.012753673244	152.218510720348	135.298309191857	149.085899067962	174.853152864563	143.012753673244	147.03338943962
PBXIP1	424.611607456994	592.224350159507	568.099569698737	643.590847755176	491.143229094535	337.794025157861	1105.12971418053	310.833890405132	643.590847755176	580.036549271449
PCDHA5	109.896375864033	137.187003204645	123.63985010238	141.043854832206	114.56320907878	136.23938335403	128.89031040726	129.786813413124	131.598569811977	142.024892424684
PDCD1	162.016844028196	174.853152864563	147.03338943962	145.009137317862	152.218510720348	177.294011918198	146.017755631158	139.102062403335	174.853152864563	176.069352721887
PDCD1LG2	133.435617387664	137.187003204645	130.689552090521	130.689552090521	118.603271921967	176.069352721887	167.73035569387	127.115839415941	145.009137317862	133.435617387664
PDE6C	372.216964433999	504.9511447006	494.559400409521	481.035647597574	544.95753341612	648.067376112783	541.193236767427	464.649807522386	474.41308768787	484.381515123505
PDK1	328.557029776103	221.321531214813	266.871234775327	222.860944203808	210.839300420499	254.231678831881	442.643062429627	192.671583668617	263.197139623953	243.875327499248
PGLYRP1	123.63985010238	109.137266146298	131.598569811977	140.069593761375	125.365798091127	148.056087539877	155.416945202566	128	141.043854832206	135.298309191857
PKD2L2	121.937663749624	114.56320907878	122.785807273634	116.162451880597	135.298309191857	129.786813413124	112.205532328452	108.383399982403	141.043854832206	136.23938335403
PLA1A	171.254727012622	171.254727012622	202.250575837025	274.374006409291	164.278514888052	171.254727012622	194.011720513331	179.768944094464	170.071784204353	182.278425036425
PLA2G7	247.279700204761	257.78062081452	415.873226934392	302.33412132596	221.321531214813	312.995911089169	196.720023204866	194.011720513331	222.860944203808	302.33412132596
PLEKHF1	749.611876324161	1758.34201382452	1192.6871925437	1675.06341592634	2019.8045788024	897.64425862762	1408.5548217751	396.176638346852	1398.8252229165	1243.33556162053
PLEKHG3	1341.84284555096	1722.15585843961	1595.7290591447	2164.77294706971	2241.113500182	1341.84284555096	2194.99205127433	2256.7016773153	1606.82823249255	1509.65167850609
PNOC	142.024892424684	163.143760296866	158.68258559219	120.258911899394	139.102062403335	203.657339841259	134.363735503753	129.786813413124	118.603271921967	137.187003204645
PPBP	248.999666537545	362.038671967512	354.588023836397	357.054378585704	404.501151674049	724.077343935025	560.278375045499	330.842324643198	232.324903761193	292.035511262316
PPFIBP1	922.88047371349	781.444714987806	948.82617537574	1082.38647353485	935.763405034906	897.64425862762	675.588050315722	995.998666150181	968.76303024701	910.174905514568
PRF1	252.4755723503	413.000580721729	247.279700204761	265.027820503393	284.049784849368	393.440046409731	364.55685007285	216.766799964807	359.537888188927	310.833890405132
PRG2	123.63985010238	127.115839415941	124.499833268773	128	130.689552090521	129.786813413124	155.416945202566	133.435617387664	126.23778617515	131.598569811977
PSG2	207.936613467196	125.365798091127	131.598569811977	129.786813413124	144.007486040168	144.007486040168	128	145.009137317862	134.363735503753	145.009137317862
PTGDR	165.421162321599	188.706459813261	148.056087539877	129.786813413124	133.435617387664	152.218510720348	158.68258559219	119.428222916711	168.897012578931	135.298309191857
PTGER2	224.411064656905	210.839300420499	380.038034081037	410.147777325886	183.546271746026	138.141214272567	224.411064656905	164.278514888052	242.190757561753	240.517823798787
PTGIR	149.085899067962	163.143760296866	170.071784204353	172.445897838808	168.897012578931	270.596618383713	176.069352721887	162.016844028196	168.897012578931	152.218510720348
PTPRCAP	458.252836315122	942.272154239873	666.28702998627	508.463357663762	584.071022524633	1192.6871925437	421.678600840998	369.645874053759	648.067376112783	487.750654998496
PTPRG	427.565014747325	227.543726378642	308.686803888835	306.554548382446	212.305803728497	608.874042881393	442.643062429627	280.139187522749	268.727471007505	310.833890405132
PVRIG	120.258911899394	198.088319173426	165.421162321599	144.007486040168	156.497955544585	165.421162321599	136.23938335403	128.89031040726	154.343401944417	165.421162321599
QPCT	1184.44870031901	1509.65167850609	770.686334674466	471.136077119936	995.998666150181	238.856445833423	367.092543492052	266.871234775327	2702.35220126289	3040.30427264829
RAB27B	298.171798135925	256	333.143514993135	272.47876670806	312.995911089169	134.363735503753	150.122873501681	156.497955544585	261.379104181041	321.795423877588
RALGPS2	194.011720513331	205.073888662943	247.279700204761	224.411064656905	252.4755723503	224.411064656905	158.68258559219	178.527189292852	278.204124806671	259.573626826247
RASA3	296.112175079754	298.171798135925	199.466132393088	229.126418157561	216.766799964807	464.649807522386	430.538964609902	608.874042881393	221.321531214813	254.231678831881
RASGRP2	294.066778879241	321.795423877588	286.025507346488	270.596618383713	263.197139623953	1097.49602563716	487.750654998496	252.4755723503	250.731596182253	290.018274635724
RASGRP3	418.765853981584	374.80593816208	474.41308768787	319.572620518813	247.279700204761	689.783591355233	357.054378585704	278.204124806671	385.343167337233	388.023441026662
RASSF4	481.035647597574	308.686803888835	385.343167337233	330.842324643198	225.971967050408	413.000580721729	385.343167337233	1067.48493910131	229.126418157561	272.47876670806
REN	227.543726378642	203.657339841259	219.792751728065	390.722357493903	247.279700204761	153.277274191223	183.546271746026	187.40296908104	321.795423877588	235.568038559968
RENBP	861.077929219804	657.114059552207	556.408249613341	704.277410887549	398.932264786176	1067.48493910131	929.299615044772	1807.77573640326	372.216964433999	410.147777325886
REPS2	252.4755723503	349.706305729125	330.842324643198	284.049784849368	321.795423877588	129.786813413124	198.088319173426	187.40296908104	326.287520593731	377.412919626522
RGS1	3326.98581547514	410.147777325886	501.463192364507	256	2272.39827879495	1234.74721555534	6080.60854529659	9026.8067092612	689.783591355233	1573.76018563892
RGS13	146.017755631158	124.499833268773	121.937663749624	119.428222916711	136.23938335403	131.598569811977	127.115839415941	116.970425629363	133.435617387664	124.499833268773
RNASE2	137.187003204645	172.445897838808	172.445897838808	196.720023204866	135.298309191857	224.411064656905	150.122873501681	213.782507373663	122.785807273634	182.278425036425
RNASE6	259.573626826247	526.394279247906	508.463357663762	556.408249613341	390.722357493903	770.686334674466	675.588050315722	849.223214913988	396.176638346852	396.176638346852
RPL10L	153.277274191223	135.298309191857	142.024892424684	152.218510720348	124.499833268773	150.122873501681	153.277274191223	165.421162321599	144.007486040168	122.785807273634
RRP12	427.565014747325	464.649807522386	504.9511447006	497.99933307509	501.463192364507	1573.76018563892	310.833890405132	526.394279247906	508.463357663762	474.41308768787
RRP9	548.748012818582	639.145241037625	584.071022524633	719.075776377855	739.291748107518	2721.14854726966	455.087452757284	617.373607777669	776.046882053324	709.176047672794
RSAD2	238.856445833423	276.282428545133	196.720023204866	230.720118428372	207.936613467196	127.115839415941	233.940851258727	367.092543492052	254.231678831881	205.073888662943
RYR1	155.416945202566	170.071784204353	164.278514888052	199.466132393088	165.421162321599	156.497955544585	182.278425036425	617.373607777669	176.069352721887	163.143760296866
S100A12	134.363735503753	147.03338943962	160.897711938794	130.689552090521	152.218510720348	433.533599929614	235.568038559968	144.007486040168	151.16706066298	133.435617387664
SAMSN1	304.437021440697	278.204124806671	274.374006409291	235.568038559968	245.571614547268	333.143514993135	340.143568408707	259.573626826247	265.027820503393	235.568038559968
SCN9A	564.175419328825	142.024892424684	167.73035569387	128	141.043854832206	113.771863189321	222.860944203808	1758.34201382452	182.278425036425	165.421162321599
SEC31B	159.786310259406	218.274532292597	181.019335983756	200.853529061568	199.466132393088	203.657339841259	196.720023204866	212.305803728497	210.839300420499	216.766799964807
SELL	190.019017040518	206.500290360864	199.466132393088	190.019017040518	192.671583668617	304.437021440697	158.68258559219	192.671583668617	177.294011918198	186.108482217
SERGEF	885.286124859253	1160.0730985429	1016.92671532752	1448.15468787005	1305.15008237492	1287.18169551035	1937.52606049402	1552.09376410665	1105.12971418053	962.071295195148
SH2D1A	312.995911089169	347.290707826604	298.171798135925	284.049784849368	328.557029776103	330.842324643198	333.143514993135	250.731596182253	321.795423877588	340.143568408707
SIGLEC1	135.298309191857	150.122873501681	143.012753673244	157.586484908149	135.298309191857	149.085899067962	141.043854832206	128	138.141214272567	130.689552090521
SIRPG	147.03338943962	157.586484908149	159.786310259406	150.122873501681	158.68258559219	144.007486040168	142.024892424684	143.012753673244	151.16706066298	168.897012578931
SIT1	203.657339841259	286.025507346488	230.720118428372	263.197139623953	290.018274635724	359.537888188927	266.871234775327	202.250575837025	238.856445833423	240.517823798787
SKAP1	1488.867857736	1629.25871873007	1448.15468787005	922.88047371349	1370.03781610098	935.763405034906	754.825839253044	306.554548382446	1746.19625834077	1734.13439971846
SLAMF1	232.324903761193	248.999666537545	224.411064656905	188.706459813261	181.019335983756	580.036549271449	221.321531214813	140.069593761375	242.190757561753	222.860944203808
SLAMF8	221.321531214813	284.049784849368	288.014972080335	218.274532292597	207.936613467196	160.897711938794	210.839300420499	254.231678831881	221.321531214813	235.568038559968
SLC12A1	141.043854832206	142.024892424684	136.23938335403	150.122873501681	151.16706066298	148.056087539877	157.586484908149	158.68258559219	146.017755631158	144.007486040168
SLC12A8	157.586484908149	167.73035569387	181.019335983756	160.897711938794	176.069352721887	179.768944094464	170.071784204353	158.68258559219	181.019335983756	196.720023204866
SLC15A3	1884.54430847975	955.425783333691	797.864529572352	843.357201681995	522.758208362083	903.887868201631	1074.90988403002	7804.01047997593	564.175419328825	604.66824265192
SLC2A6	501.463192364507	436.549064585194	272.47876670806	362.038671967512	382.681407650544	873.098129170387	248.999666537545	600.491494006722	948.82617537574	621.667780810264
SLC7A10	162.016844028196	128	153.277274191223	133.435617387664	125.365798091127	302.33412132596	136.23938335403	165.421162321599	122.785807273634	142.024892424684
SLCO5A1	141.043854832206	144.007486040168	124.499833268773	127.115839415941	123.63985010238	115.360059214186	148.056087539877	149.085899067962	138.141214272567	143.012753673244
SMPD3	163.143760296866	184.82293702688	205.073888662943	198.088319173426	171.254727012622	143.012753673244	174.853152864563	160.897711938794	192.671583668617	190.019017040518
SMPDL3B	172.445897838808	198.088319173426	198.088319173426	177.294011918198	196.720023204866	151.16706066298	156.497955544585	147.03338943962	202.250575837025	190.019017040518
SOCS1	206.500290360864	306.554548382446	235.568038559968	282.087709664412	302.33412132596	657.114059552207	418.765853981584	196.720023204866	259.573626826247	340.143568408707
SP140	183.546271746026	203.657339841259	190.019017040518	177.294011918198	194.011720513331	380.038034081037	178.527189292852	187.40296908104	184.82293702688	191.340703825272
SPAG4	179.768944094464	240.517823798787	218.274532292597	232.324903761193	272.47876670806	129.786813413124	186.108482217	129.786813413124	261.379104181041	315.172969816299
SPIB	141.043854832206	139.102062403335	129.786813413124	129.786813413124	168.897012578931	372.216964433999	133.435617387664	198.088319173426	120.258911899394	133.435617387664
SPOCK2	1924.1425903903	1200.98298801344	754.825839253044	714.108757171408	843.357201681995	1184.44870031901	820.295554651773	6984.7850333631	955.425783333691	989.118800819041
SSX1	119.428222916711	119.428222916711	128	127.115839415941	126.23778617515	125.365798091127	142.024892424684	132.513910251696	137.187003204645	154.343401944417
ST3GAL6	537.454942015011	225.971967050408	266.871234775327	221.321531214813	183.546271746026	247.279700204761	310.833890405132	1924.1425903903	218.274532292597	190.019017040518
ST6GALNAC4	568.099569698737	749.611876324161	533.742469550654	781.444714987806	588.133557758482	1820.34981102914	685.018908050489	448.82212931381	541.193236767427	484.381515123505
ST8SIA1	224.411064656905	354.588023836397	247.279700204761	270.596618383713	219.792751728065	195.361178746952	670.921422775482	136.23938335403	274.374006409291	312.995911089169
STEAP4	142.024892424684	146.017755631158	168.897012578931	137.187003204645	128.89031040726	404.501151674049	178.527189292852	199.466132393088	132.513910251696	129.786813413124
STXBP6	377.412919626522	407.314679682518	347.290707826604	401.707058123136	286.025507346488	352.138705443775	1168.14204504927	187.40296908104	497.99933307509	508.463357663762
TBX21	166.571757496567	184.82293702688	195.361178746952	176.069352721887	177.294011918198	167.73035569387	188.706459813261	188.706459813261	210.839300420499	191.340703825272
TCF7	141.043854832206	129.786813413124	132.513910251696	145.009137317862	139.102062403335	139.102062403335	135.298309191857	141.043854832206	145.009137317862	136.23938335403
TCL1A	196.720023204866	158.68258559219	155.416945202566	138.141214272567	163.143760296866	266.871234775327	172.445897838808	150.122873501681	160.897711938794	162.016844028196
TEC	142.024892424684	155.416945202566	157.586484908149	142.024892424684	168.897012578931	138.141214272567	162.016844028196	152.218510720348	155.416945202566	159.786310259406
TEP1	121.095378780876	165.421162321599	174.853152864563	183.546271746026	130.689552090521	177.294011918198	133.435617387664	165.421162321599	162.016844028196	162.016844028196
TGM5	134.363735503753	266.871234775327	154.343401944417	219.792751728065	247.279700204761	112.205532328452	136.23938335403	104.691463495396	337.794025157861	203.657339841259
TLR2	135.298309191857	132.513910251696	138.141214272567	108.383399982403	128	112.985983525204	128	177.294011918198	134.363735503753	139.102062403335
TLR7	324.033688056392	347.290707826604	515.56124162904	298.171798135925	270.596618383713	192.671583668617	342.509454025245	326.287520593731	286.025507346488	286.025507346488
TLR8	152.218510720348	154.343401944417	173.645353913302	153.277274191223	156.497955544585	144.007486040168	181.019335983756	143.012753673244	150.122873501681	159.786310259406
TMEM156	138.141214272567	162.016844028196	174.853152864563	142.024892424684	150.122873501681	187.40296908104	164.278514888052	150.122873501681	150.122873501681	163.143760296866
TNFAIP6	512	159.786310259406	131.598569811977	171.254727012622	117.784019279984	552.564857090267	430.538964609902	1105.12971418053	155.416945202566	176.069352721887
TNFRSF10C	176.069352721887	155.416945202566	207.936613467196	152.218510720348	165.421162321599	196.720023204866	186.108482217	172.445897838808	186.108482217	173.645353913302
TNFRSF11A	142.024892424684	181.019335983756	174.853152864563	171.254727012622	173.645353913302	132.513910251696	147.03338943962	152.218510720348	140.069593761375	157.586484908149
TNFRSF13B	225.971967050408	333.143514993135	188.706459813261	141.043854832206	245.571614547268	948.82617537574	181.019335983756	146.017755631158	196.720023204866	172.445897838808
TNFRSF17	181.019335983756	477.712891666846	229.126418157561	173.645353913302	159.786310259406	152.218510720348	218.274532292597	121.095378780876	195.361178746952	167.73035569387
TNFRSF4	178.527189292852	188.706459813261	172.445897838808	192.671583668617	173.645353913302	196.720023204866	157.586484908149	168.897012578931	183.546271746026	151.16706066298
TNFSF14	163.143760296866	263.197139623953	176.069352721887	205.073888662943	177.294011918198	448.82212931381	157.586484908149	153.277274191223	210.839300420499	184.82293702688
TNIP3	252.4755723503	263.197139623953	324.033688056392	282.087709664412	302.33412132596	261.379104181041	256	257.78062081452	229.126418157561	203.657339841259
TRAF4	229.126418157561	393.440046409731	252.4755723503	337.794025157861	458.252836315122	187.40296908104	213.782507373663	199.466132393088	300.245747003361	321.795423877588
TRAT1	174.853152864563	162.016844028196	136.23938335403	135.298309191857	135.298309191857	134.363735503753	158.68258559219	127.115839415941	165.421162321599	162.016844028196
TREM1	152.218510720348	154.343401944417	152.218510720348	153.277274191223	159.786310259406	252.4755723503	172.445897838808	156.497955544585	155.416945202566	155.416945202566
TREM2	191.340703825272	237.206543843935	250.731596182253	216.766799964807	200.853529061568	114.56320907878	142.024892424684	248.999666537545	186.108482217	196.720023204866
TREML2	222.860944203808	156.497955544585	148.056087539877	177.294011918198	151.16706066298	147.03338943962	181.019335983756	164.278514888052	195.361178746952	160.897711938794
TRIB2	1251.98364435668	1160.0730985429	1287.18169551035	1562.88942997561	968.76303024701	2005.85276945803	995.998666150181	1820.34981102914	734.185086984103	922.88047371349
TRPM4	2120.22256402714	2683.68569110193	2778.32566261283	4067.7068613101	2385.3743850874	1052.78855849581	786.880092819462	714.108757171408	3541.14449943701	1951.00261999398
TRPM6	147.03338943962	198.088319173426	200.853529061568	257.78062081452	186.108482217	212.305803728497	191.340703825272	199.466132393088	178.527189292852	170.071784204353
TSHR	121.095378780876	122.785807273634	135.298309191857	130.689552090521	117.784019279984	119.428222916711	130.689552090521	131.598569811977	116.970425629363	134.363735503753
TXK	270.596618383713	284.049784849368	306.554548382446	248.999666537545	302.33412132596	182.278425036425	199.466132393088	165.421162321599	270.596618383713	340.143568408707
TYR	133.435617387664	122.785807273634	116.970425629363	135.298309191857	123.63985010238	167.73035569387	143.012753673244	125.365798091127	128	132.513910251696
UBASH3A	132.513910251696	126.23778617515	131.598569811977	145.009137317862	144.007486040168	148.056087539877	135.298309191857	125.365798091127	134.363735503753	126.23778617515
UGT1A8	248.999666537545	218.274532292597	198.088319173426	187.40296908104	333.143514993135	183.546271746026	153.277274191223	154.343401944417	237.206543843935	240.517823798787
UGT2B17	156.497955544585	182.278425036425	326.287520593731	218.274532292597	230.720118428372	128.89031040726	131.598569811977	128.89031040726	186.108482217	218.274532292597
UPK3A	1937.52606049402	4705.06846206785	2179.83013366448	1746.19625834077	3848.28518078059	118.603271921967	191.340703825272	154.343401944417	4389.98410254866	5256.91247641765
VILL	326.287520593731	621.667780810264	625.991822178339	879.171006912259	680.287136817414	187.40296908104	254.231678831881	188.706459813261	670.921422775482	445.721888407616
VNN1	128.89031040726	138.141214272567	191.340703825272	149.085899067962	120.258911899394	110.660765607407	194.011720513331	150.122873501681	148.056087539877	172.445897838808
VNN2	222.860944203808	238.856445833423	367.092543492052	222.860944203808	198.088319173426	310.833890405132	296.112175079754	206.500290360864	410.147777325886	252.4755723503
VNN3	145.009137317862	143.012753673244	133.435617387664	156.497955544585	132.513910251696	186.108482217	177.294011918198	132.513910251696	131.598569811977	130.689552090521
VPREB3	221.321531214813	165.421162321599	212.305803728497	181.019335983756	245.571614547268	734.185086984103	168.897012578931	172.445897838808	198.088319173426	188.706459813261
WNT5B	324.033688056392	284.049784849368	467.881702517453	600.491494006722	330.842324643198	321.795423877588	560.278375045499	216.766799964807	390.722357493903	286.025507346488
WNT7A	142.024892424684	153.277274191223	187.40296908104	178.527189292852	184.82293702688	168.897012578931	162.016844028196	155.416945202566	151.16706066298	159.786310259406
ZAP70	178.527189292852	274.374006409291	219.792751728065	194.011720513331	222.860944203808	192.671583668617	203.657339841259	173.645353913302	219.792751728065	222.860944203808
ZBP1	270.596618383713	617.373607777669	276.282428545133	274.374006409291	270.596618383713	404.501151674049	256	205.073888662943	315.172969816299	298.171798135925
ZBTB10	192.671583668617	177.294011918198	261.379104181041	203.657339841259	203.657339841259	182.278425036425	162.016844028196	182.278425036425	212.305803728497	188.706459813261
ZBTB32	159.786310259406	142.024892424684	166.571757496567	138.141214272567	148.056087539877	280.139187522749	153.277274191223	136.23938335403	144.007486040168	148.056087539877
ZNF135	494.559400409521	464.649807522386	630.345939632597	639.145241037625	515.56124162904	455.087452757284	568.099569698737	744.433928867999	729.113700145701	680.287136817414
ZNF165	257.78062081452	237.206543843935	247.279700204761	252.4755723503	340.143568408707	125.365798091127	192.671583668617	170.071784204353	333.143514993135	294.066778879241
ZNF222	362.038671967512	410.147777325886	326.287520593731	302.33412132596	508.463357663762	206.500290360864	292.035511262316	259.573626826247	445.721888407616	424.611607456994
ZNF286A	257.78062081452	252.4755723503	174.853152864563	215.269482304951	268.727471007505	233.940851258727	250.731596182253	243.875327499248	268.727471007505	252.4755723503
ZNF324	724.077343935025	861.077929219804	744.433928867999	916.505672630244	903.887868201631	879.171006912259	922.88047371349	885.286124859253	837.531707963168	760.076068162073
ZNF442	210.839300420499	195.361178746952	227.543726378642	222.860944203808	198.088319173426	282.087709664412	256	300.245747003361	229.126418157561	210.839300420499
